0,4,0.0454545454545
0,5,0.030303030303
0,17,0.0454545454545
0,32,0.106060606061
0,96,0.030303030303
0,115,0.0454545454545
0,127,0.0757575757576
0,130,0.0454545454545
0,131,0.0909090909091
0,137,0.030303030303
0,143,0.0151515151515
0,147,0.106060606061
0,150,0.0909090909091
0,161,0.030303030303
0,174,0.0151515151515
0,240,0.0606060606061
0,276,0.0151515151515
0,283,0.0151515151515
0,286,0.106060606061
1,4,0.041095890411
1,5,0.027397260274
1,32,0.0958904109589
1,36,0.027397260274
1,62,0.0684931506849
1,96,0.027397260274
1,127,0.0684931506849
1,130,0.041095890411
1,131,0.0821917808219
1,147,0.0958904109589
1,148,0.0547945205479
1,151,0.013698630137
1,161,0.027397260274
1,240,0.0547945205479
1,245,0.027397260274
1,274,0.0821917808219
1,283,0.013698630137
1,286,0.0958904109589
1,290,0.0547945205479
2,4,0.0454545454545
2,5,0.030303030303
2,17,0.0454545454545
2,32,0.106060606061
2,96,0.030303030303
2,115,0.0454545454545
2,127,0.0757575757576
2,130,0.0454545454545
2,131,0.0909090909091
2,137,0.030303030303
2,143,0.0151515151515
2,147,0.106060606061
2,150,0.0909090909091
2,161,0.030303030303
2,174,0.0151515151515
2,240,0.0606060606061
2,276,0.0151515151515
2,283,0.0151515151515
2,286,0.106060606061
3,4,0.041095890411
3,5,0.027397260274
3,32,0.0958904109589
3,36,0.027397260274
3,62,0.0684931506849
3,96,0.027397260274
3,127,0.0684931506849
3,130,0.041095890411
3,131,0.0821917808219
3,147,0.0958904109589
3,148,0.0547945205479
3,151,0.013698630137
3,161,0.027397260274
3,240,0.0547945205479
3,245,0.027397260274
3,274,0.0821917808219
3,283,0.013698630137
3,286,0.0958904109589
3,290,0.0547945205479
4,32,0.7
6,4,0.0428571428571
6,5,0.0285714285714
6,32,0.1
6,55,0.0714285714286
6,76,0.0571428571429
6,96,0.0285714285714
6,127,0.0714285714286
6,130,0.0428571428571
6,131,0.0857142857143
6,145,0.0285714285714
6,147,0.1
6,161,0.0285714285714
6,230,0.0571428571429
6,241,0.0571428571429
6,245,0.0285714285714
6,277,0.0285714285714
6,283,0.0142857142857
6,286,0.1
6,287,0.0285714285714
7,4,0.0428571428571
7,5,0.0285714285714
7,32,0.1
7,55,0.0714285714286
7,76,0.0571428571429
7,96,0.0285714285714
7,127,0.0714285714286
7,130,0.0428571428571
7,131,0.0857142857143
7,145,0.0285714285714
7,147,0.1
7,161,0.0285714285714
7,230,0.0571428571429
7,241,0.0571428571429
7,245,0.0285714285714
7,277,0.0285714285714
7,283,0.0142857142857
7,286,0.1
7,287,0.0285714285714
8,4,0.0428571428571
8,5,0.0285714285714
8,32,0.1
8,55,0.0714285714286
8,76,0.0571428571429
8,96,0.0285714285714
8,127,0.0714285714286
8,130,0.0428571428571
8,131,0.0857142857143
8,145,0.0285714285714
8,147,0.1
8,161,0.0285714285714
8,230,0.0571428571429
8,241,0.0571428571429
8,245,0.0285714285714
8,277,0.0285714285714
8,283,0.0142857142857
8,286,0.1
8,287,0.0285714285714
9,4,0.0428571428571
9,5,0.0285714285714
9,32,0.1
9,55,0.0714285714286
9,76,0.0571428571429
9,96,0.0285714285714
9,127,0.0714285714286
9,130,0.0428571428571
9,131,0.0857142857143
9,145,0.0285714285714
9,147,0.1
9,161,0.0285714285714
9,230,0.0571428571429
9,241,0.0571428571429
9,245,0.0285714285714
9,277,0.0285714285714
9,283,0.0142857142857
9,286,0.1
9,287,0.0285714285714
10,4,0.0428571428571
10,5,0.0285714285714
10,32,0.1
10,55,0.0714285714286
10,76,0.0571428571429
10,96,0.0285714285714
10,127,0.0714285714286
10,130,0.0428571428571
10,131,0.0857142857143
10,145,0.0285714285714
10,147,0.1
10,161,0.0285714285714
10,230,0.0571428571429
10,241,0.0571428571429
10,245,0.0285714285714
10,277,0.0285714285714
10,283,0.0142857142857
10,286,0.1
10,287,0.0285714285714
11,4,0.0428571428571
11,5,0.0285714285714
11,32,0.1
11,55,0.0714285714286
11,76,0.0571428571429
11,96,0.0285714285714
11,127,0.0714285714286
11,130,0.0428571428571
11,131,0.0857142857143
11,145,0.0285714285714
11,147,0.1
11,161,0.0285714285714
11,230,0.0571428571429
11,241,0.0571428571429
11,245,0.0285714285714
11,277,0.0285714285714
11,283,0.0142857142857
11,286,0.1
11,287,0.0285714285714
12,4,0.0428571428571
12,5,0.0285714285714
12,32,0.1
12,55,0.0714285714286
12,76,0.0571428571429
12,96,0.0285714285714
12,127,0.0714285714286
12,130,0.0428571428571
12,131,0.0857142857143
12,145,0.0285714285714
12,147,0.1
12,161,0.0285714285714
12,230,0.0571428571429
12,241,0.0571428571429
12,245,0.0285714285714
12,277,0.0285714285714
12,283,0.0142857142857
12,286,0.1
12,287,0.0285714285714
13,4,0.0428571428571
13,5,0.0285714285714
13,32,0.1
13,55,0.0714285714286
13,76,0.0571428571429
13,96,0.0285714285714
13,127,0.0714285714286
13,130,0.0428571428571
13,131,0.0857142857143
13,145,0.0285714285714
13,147,0.1
13,161,0.0285714285714
13,230,0.0571428571429
13,241,0.0571428571429
13,245,0.0285714285714
13,277,0.0285714285714
13,283,0.0142857142857
13,286,0.1
13,287,0.0285714285714
14,4,0.0428571428571
14,5,0.0285714285714
14,32,0.1
14,55,0.0714285714286
14,76,0.0571428571429
14,96,0.0285714285714
14,127,0.0714285714286
14,130,0.0428571428571
14,131,0.0857142857143
14,145,0.0285714285714
14,147,0.1
14,161,0.0285714285714
14,230,0.0571428571429
14,241,0.0571428571429
14,245,0.0285714285714
14,277,0.0285714285714
14,283,0.0142857142857
14,286,0.1
14,287,0.0285714285714
15,4,0.0428571428571
15,5,0.0285714285714
15,32,0.1
15,55,0.0714285714286
15,76,0.0571428571429
15,96,0.0285714285714
15,127,0.0714285714286
15,130,0.0428571428571
15,131,0.0857142857143
15,145,0.0285714285714
15,147,0.1
15,161,0.0285714285714
15,230,0.0571428571429
15,241,0.0571428571429
15,245,0.0285714285714
15,277,0.0285714285714
15,283,0.0142857142857
15,286,0.1
15,287,0.0285714285714
16,4,0.0454545454545
16,5,0.030303030303
16,17,0.0454545454545
16,32,0.106060606061
16,96,0.030303030303
16,115,0.0454545454545
16,127,0.0757575757576
16,130,0.0454545454545
16,131,0.0909090909091
16,137,0.030303030303
16,143,0.0151515151515
16,147,0.106060606061
16,150,0.0909090909091
16,161,0.030303030303
16,174,0.0151515151515
16,240,0.0606060606061
16,276,0.0151515151515
16,283,0.0151515151515
16,286,0.106060606061
17,5,0.0588235294118
17,96,0.0588235294118
17,115,0.0882352941176
17,127,0.147058823529
17,130,0.0882352941176
17,131,0.176470588235
17,147,0.205882352941
17,161,0.0588235294118
17,283,0.0294117647059
18,4,0.0428571428571
18,5,0.0285714285714
18,32,0.1
18,40,0.0428571428571
18,87,0.0285714285714
18,96,0.0285714285714
18,99,0.0428571428571
18,115,0.0428571428571
18,127,0.0714285714286
18,130,0.0428571428571
18,131,0.0857142857143
18,147,0.1
18,161,0.0285714285714
18,231,0.0571428571429
18,235,0.0428571428571
18,283,0.0142857142857
18,285,0.0285714285714
18,286,0.1
18,293,0.0714285714286
19,4,0.0428571428571
19,5,0.0285714285714
19,32,0.1
19,40,0.0428571428571
19,87,0.0285714285714
19,96,0.0285714285714
19,99,0.0428571428571
19,115,0.0428571428571
19,127,0.0714285714286
19,130,0.0428571428571
19,131,0.0857142857143
19,147,0.1
19,161,0.0285714285714
19,231,0.0571428571429
19,235,0.0428571428571
19,283,0.0142857142857
19,285,0.0285714285714
19,286,0.1
19,293,0.0714285714286
20,4,0.0422535211268
20,5,0.0281690140845
20,32,0.0985915492958
20,94,0.0422535211268
20,96,0.0281690140845
20,127,0.0704225352113
20,130,0.0422535211268
20,131,0.0845070422535
20,147,0.0985915492958
20,161,0.0281690140845
20,191,0.056338028169
20,245,0.0281690140845
20,250,0.056338028169
20,274,0.0845070422535
20,283,0.0140845070423
20,285,0.0281690140845
20,286,0.0985915492958
20,298,0.0422535211268
20,313,0.0281690140845
21,4,0.0454545454545
21,5,0.030303030303
21,17,0.0454545454545
21,32,0.106060606061
21,96,0.030303030303
21,115,0.0454545454545
21,127,0.0757575757576
21,130,0.0454545454545
21,131,0.0909090909091
21,137,0.030303030303
21,143,0.0151515151515
21,147,0.106060606061
21,150,0.0909090909091
21,161,0.030303030303
21,174,0.0151515151515
21,240,0.0606060606061
21,276,0.0151515151515
21,283,0.0151515151515
21,286,0.106060606061
22,5,0.0645161290323
22,96,0.0645161290323
22,127,0.161290322581
22,130,0.0967741935484
22,131,0.193548387097
22,147,0.225806451613
22,161,0.0645161290323
22,276,0.0322580645161
22,283,0.0322580645161
23,5,0.0625
23,96,0.0625
23,127,0.15625
23,130,0.09375
23,131,0.1875
23,147,0.21875
23,161,0.0625
23,276,0.03125
23,283,0.03125
24,4,0.0428571428571
24,5,0.0285714285714
24,32,0.1
24,40,0.0428571428571
24,87,0.0285714285714
24,96,0.0285714285714
24,99,0.0428571428571
24,115,0.0428571428571
24,127,0.0714285714286
24,130,0.0428571428571
24,131,0.0857142857143
24,147,0.1
24,161,0.0285714285714
24,231,0.0571428571429
24,235,0.0428571428571
24,283,0.0142857142857
24,285,0.0285714285714
24,286,0.1
24,293,0.0714285714286
25,4,0.0428571428571
25,5,0.0285714285714
25,32,0.1
25,40,0.0428571428571
25,87,0.0285714285714
25,96,0.0285714285714
25,99,0.0428571428571
25,115,0.0428571428571
25,127,0.0714285714286
25,130,0.0428571428571
25,131,0.0857142857143
25,147,0.1
25,161,0.0285714285714
25,231,0.0571428571429
25,235,0.0428571428571
25,283,0.0142857142857
25,285,0.0285714285714
25,286,0.1
25,293,0.0714285714286
26,4,0.0428571428571
26,5,0.0285714285714
26,32,0.1
26,40,0.0428571428571
26,87,0.0285714285714
26,96,0.0285714285714
26,99,0.0428571428571
26,115,0.0428571428571
26,127,0.0714285714286
26,130,0.0428571428571
26,131,0.0857142857143
26,147,0.1
26,161,0.0285714285714
26,231,0.0571428571429
26,235,0.0428571428571
26,283,0.0142857142857
26,285,0.0285714285714
26,286,0.1
26,293,0.0714285714286
27,4,0.0428571428571
27,5,0.0285714285714
27,32,0.1
27,40,0.0428571428571
27,87,0.0285714285714
27,96,0.0285714285714
27,99,0.0428571428571
27,115,0.0428571428571
27,127,0.0714285714286
27,130,0.0428571428571
27,131,0.0857142857143
27,147,0.1
27,161,0.0285714285714
27,231,0.0571428571429
27,235,0.0428571428571
27,283,0.0142857142857
27,285,0.0285714285714
27,286,0.1
27,293,0.0714285714286
28,4,0.0428571428571
28,5,0.0285714285714
28,32,0.1
28,40,0.0428571428571
28,87,0.0285714285714
28,96,0.0285714285714
28,99,0.0428571428571
28,115,0.0428571428571
28,127,0.0714285714286
28,130,0.0428571428571
28,131,0.0857142857143
28,147,0.1
28,161,0.0285714285714
28,231,0.0571428571429
28,235,0.0428571428571
28,283,0.0142857142857
28,285,0.0285714285714
28,286,0.1
28,293,0.0714285714286
29,5,0.0645161290323
29,96,0.0645161290323
29,127,0.161290322581
29,130,0.0967741935484
29,131,0.193548387097
29,147,0.225806451613
29,161,0.0645161290323
29,283,0.0322580645161
29,285,0.0645161290323
30,4,0.0428571428571
30,5,0.0285714285714
30,32,0.1
30,40,0.0428571428571
30,87,0.0285714285714
30,96,0.0285714285714
30,99,0.0428571428571
30,115,0.0428571428571
30,127,0.0714285714286
30,130,0.0428571428571
30,131,0.0857142857143
30,147,0.1
30,161,0.0285714285714
30,231,0.0571428571429
30,235,0.0428571428571
30,283,0.0142857142857
30,285,0.0285714285714
30,286,0.1
30,293,0.0714285714286
31,4,0.0428571428571
31,5,0.0285714285714
31,32,0.1
31,40,0.0428571428571
31,87,0.0285714285714
31,96,0.0285714285714
31,99,0.0428571428571
31,115,0.0428571428571
31,127,0.0714285714286
31,130,0.0428571428571
31,131,0.0857142857143
31,147,0.1
31,161,0.0285714285714
31,231,0.0571428571429
31,235,0.0428571428571
31,283,0.0142857142857
31,285,0.0285714285714
31,286,0.1
31,293,0.0714285714286
33,4,0.0461538461538
33,5,0.0307692307692
33,32,0.107692307692
33,40,0.0461538461538
33,93,0.0461538461538
33,96,0.0307692307692
33,105,0.0153846153846
33,127,0.0769230769231
33,130,0.0461538461538
33,131,0.0923076923077
33,147,0.107692307692
33,161,0.0307692307692
33,176,0.0153846153846
33,238,0.0461538461538
33,274,0.0923076923077
33,283,0.0153846153846
33,285,0.0307692307692
33,286,0.107692307692
33,317,0.0153846153846
34,4,0.0454545454545
34,5,0.030303030303
34,17,0.0454545454545
34,32,0.106060606061
34,96,0.030303030303
34,115,0.0454545454545
34,127,0.0757575757576
34,130,0.0454545454545
34,131,0.0909090909091
34,137,0.030303030303
34,143,0.0151515151515
34,147,0.106060606061
34,150,0.0909090909091
34,161,0.030303030303
34,174,0.0151515151515
34,240,0.0606060606061
34,276,0.0151515151515
34,283,0.0151515151515
34,286,0.106060606061
35,5,0.0606060606061
35,96,0.0606060606061
35,127,0.151515151515
35,130,0.0909090909091
35,131,0.181818181818
35,147,0.212121212121
35,161,0.0606060606061
35,283,0.030303030303
35,287,0.0606060606061
36,5,0.0555555555556
36,96,0.0555555555556
36,127,0.138888888889
36,130,0.0833333333333
36,131,0.166666666667
36,147,0.194444444444
36,161,0.0555555555556
36,274,0.166666666667
36,283,0.0277777777778
37,4,0.0454545454545
37,5,0.030303030303
37,17,0.0454545454545
37,32,0.106060606061
37,96,0.030303030303
37,115,0.0454545454545
37,127,0.0757575757576
37,130,0.0454545454545
37,131,0.0909090909091
37,137,0.030303030303
37,143,0.0151515151515
37,147,0.106060606061
37,150,0.0909090909091
37,161,0.030303030303
37,174,0.0151515151515
37,240,0.0606060606061
37,276,0.0151515151515
37,283,0.0151515151515
37,286,0.106060606061
38,5,0.0606060606061
38,96,0.0606060606061
38,127,0.151515151515
38,130,0.0909090909091
38,131,0.181818181818
38,147,0.212121212121
38,161,0.0606060606061
38,240,0.121212121212
38,283,0.030303030303
39,4,0.0454545454545
39,5,0.030303030303
39,17,0.0454545454545
39,32,0.106060606061
39,96,0.030303030303
39,115,0.0454545454545
39,127,0.0757575757576
39,130,0.0454545454545
39,131,0.0909090909091
39,137,0.030303030303
39,143,0.0151515151515
39,147,0.106060606061
39,150,0.0909090909091
39,161,0.030303030303
39,174,0.0151515151515
39,240,0.0606060606061
39,276,0.0151515151515
39,283,0.0151515151515
39,286,0.106060606061
40,5,0.0645161290323
40,96,0.0645161290323
40,127,0.161290322581
40,130,0.0967741935484
40,131,0.193548387097
40,147,0.225806451613
40,161,0.0645161290323
40,283,0.0322580645161
41,4,0.0441176470588
41,5,0.0294117647059
41,32,0.102941176471
41,38,0.0147058823529
41,96,0.0294117647059
41,115,0.0441176470588
41,127,0.0735294117647
41,130,0.0441176470588
41,131,0.0882352941176
41,142,0.0147058823529
41,147,0.102941176471
41,150,0.0882352941176
41,161,0.0294117647059
41,234,0.0294117647059
41,240,0.0588235294118
41,244,0.0735294117647
41,276,0.0147058823529
41,283,0.0147058823529
41,286,0.102941176471
43,4,0.0491803278689
43,5,0.0327868852459
43,32,0.114754098361
43,58,0.0655737704918
43,96,0.0327868852459
43,127,0.0819672131148
43,130,0.0491803278689
43,131,0.0983606557377
43,147,0.114754098361
43,161,0.0327868852459
43,247,0.016393442623
43,261,0.0327868852459
43,277,0.0327868852459
43,283,0.016393442623
43,286,0.114754098361
43,287,0.0327868852459
43,299,0.0655737704918
43,315,0.016393442623
44,4,0.0491803278689
44,5,0.0327868852459
44,32,0.114754098361
44,58,0.0655737704918
44,96,0.0327868852459
44,127,0.0819672131148
44,130,0.0491803278689
44,131,0.0983606557377
44,147,0.114754098361
44,161,0.0327868852459
44,247,0.016393442623
44,261,0.0327868852459
44,277,0.0327868852459
44,283,0.016393442623
44,286,0.114754098361
44,287,0.0327868852459
44,299,0.0655737704918
44,315,0.016393442623
45,4,0.0491803278689
45,5,0.0327868852459
45,32,0.114754098361
45,58,0.0655737704918
45,96,0.0327868852459
45,127,0.0819672131148
45,130,0.0491803278689
45,131,0.0983606557377
45,147,0.114754098361
45,161,0.0327868852459
45,247,0.016393442623
45,261,0.0327868852459
45,277,0.0327868852459
45,283,0.016393442623
45,286,0.114754098361
45,287,0.0327868852459
45,299,0.0655737704918
45,315,0.016393442623
46,4,0.0491803278689
46,5,0.0327868852459
46,32,0.114754098361
46,58,0.0655737704918
46,96,0.0327868852459
46,127,0.0819672131148
46,130,0.0491803278689
46,131,0.0983606557377
46,147,0.114754098361
46,161,0.0327868852459
46,247,0.016393442623
46,261,0.0327868852459
46,277,0.0327868852459
46,283,0.016393442623
46,286,0.114754098361
46,287,0.0327868852459
46,299,0.0655737704918
46,315,0.016393442623
47,4,0.0491803278689
47,5,0.0327868852459
47,32,0.114754098361
47,58,0.0655737704918
47,96,0.0327868852459
47,127,0.0819672131148
47,130,0.0491803278689
47,131,0.0983606557377
47,147,0.114754098361
47,161,0.0327868852459
47,247,0.016393442623
47,261,0.0327868852459
47,277,0.0327868852459
47,283,0.016393442623
47,286,0.114754098361
47,287,0.0327868852459
47,299,0.0655737704918
47,315,0.016393442623
48,4,0.0491803278689
48,5,0.0327868852459
48,32,0.114754098361
48,58,0.0655737704918
48,96,0.0327868852459
48,127,0.0819672131148
48,130,0.0491803278689
48,131,0.0983606557377
48,147,0.114754098361
48,161,0.0327868852459
48,247,0.016393442623
48,261,0.0327868852459
48,277,0.0327868852459
48,283,0.016393442623
48,286,0.114754098361
48,287,0.0327868852459
48,299,0.0655737704918
48,315,0.016393442623
49,4,0.0491803278689
49,5,0.0327868852459
49,32,0.114754098361
49,58,0.0655737704918
49,96,0.0327868852459
49,127,0.0819672131148
49,130,0.0491803278689
49,131,0.0983606557377
49,147,0.114754098361
49,161,0.0327868852459
49,247,0.016393442623
49,261,0.0327868852459
49,277,0.0327868852459
49,283,0.016393442623
49,286,0.114754098361
49,287,0.0327868852459
49,299,0.0655737704918
49,315,0.016393442623
50,4,0.0491803278689
50,5,0.0327868852459
50,32,0.114754098361
50,58,0.0655737704918
50,96,0.0327868852459
50,127,0.0819672131148
50,130,0.0491803278689
50,131,0.0983606557377
50,147,0.114754098361
50,161,0.0327868852459
50,247,0.016393442623
50,261,0.0327868852459
50,277,0.0327868852459
50,283,0.016393442623
50,286,0.114754098361
50,287,0.0327868852459
50,299,0.0655737704918
50,315,0.016393442623
51,5,0.0571428571429
51,73,0.142857142857
51,96,0.0571428571429
51,127,0.142857142857
51,130,0.0857142857143
51,131,0.171428571429
51,147,0.2
51,161,0.0571428571429
51,283,0.0285714285714
52,4,0.0491803278689
52,5,0.0327868852459
52,32,0.114754098361
52,58,0.0655737704918
52,96,0.0327868852459
52,127,0.0819672131148
52,130,0.0491803278689
52,131,0.0983606557377
52,147,0.114754098361
52,161,0.0327868852459
52,247,0.016393442623
52,261,0.0327868852459
52,277,0.0327868852459
52,283,0.016393442623
52,286,0.114754098361
52,287,0.0327868852459
52,299,0.0655737704918
52,315,0.016393442623
53,4,0.0491803278689
53,5,0.0327868852459
53,32,0.114754098361
53,58,0.0655737704918
53,96,0.0327868852459
53,127,0.0819672131148
53,130,0.0491803278689
53,131,0.0983606557377
53,147,0.114754098361
53,161,0.0327868852459
53,247,0.016393442623
53,261,0.0327868852459
53,277,0.0327868852459
53,283,0.016393442623
53,286,0.114754098361
53,287,0.0327868852459
53,299,0.0655737704918
53,315,0.016393442623
54,5,0.0555555555556
54,73,0.138888888889
54,96,0.0555555555556
54,127,0.138888888889
54,130,0.0833333333333
54,131,0.166666666667
54,147,0.194444444444
54,161,0.0555555555556
54,283,0.0277777777778
55,5,0.0571428571429
55,96,0.0571428571429
55,127,0.142857142857
55,130,0.0857142857143
55,131,0.171428571429
55,147,0.2
55,161,0.0571428571429
55,277,0.0571428571429
55,283,0.0285714285714
56,5,0.0625
56,96,0.0625
56,127,0.15625
56,130,0.09375
56,131,0.1875
56,147,0.21875
56,161,0.0625
56,277,0.0625
56,283,0.03125
57,5,0.0571428571429
57,96,0.0571428571429
57,127,0.142857142857
57,130,0.0857142857143
57,131,0.171428571429
57,147,0.2
57,161,0.0571428571429
57,277,0.0571428571429
57,283,0.0285714285714
58,5,0.0588235294118
58,96,0.0588235294118
58,127,0.147058823529
58,130,0.0882352941176
58,131,0.176470588235
58,147,0.205882352941
58,161,0.0588235294118
58,277,0.0588235294118
58,283,0.0294117647059
59,4,0.044776119403
59,5,0.0298507462687
59,29,0.0149253731343
59,32,0.10447761194
59,40,0.044776119403
59,92,0.0149253731343
59,96,0.0298507462687
59,97,0.0149253731343
59,127,0.0746268656716
59,130,0.044776119403
59,131,0.089552238806
59,147,0.10447761194
59,161,0.0298507462687
59,175,0.0746268656716
59,238,0.044776119403
59,274,0.089552238806
59,283,0.0149253731343
59,285,0.0298507462687
59,286,0.10447761194
60,4,0.044776119403
60,5,0.0298507462687
60,29,0.0149253731343
60,32,0.10447761194
60,40,0.044776119403
60,92,0.0149253731343
60,96,0.0298507462687
60,97,0.0149253731343
60,127,0.0746268656716
60,130,0.044776119403
60,131,0.089552238806
60,147,0.10447761194
60,161,0.0298507462687
60,175,0.0746268656716
60,238,0.044776119403
60,274,0.089552238806
60,283,0.0149253731343
60,285,0.0298507462687
60,286,0.10447761194
61,5,0.0540540540541
61,96,0.0540540540541
61,127,0.135135135135
61,130,0.0810810810811
61,131,0.162162162162
61,147,0.189189189189
61,161,0.0540540540541
61,274,0.162162162162
61,283,0.027027027027
62,5,0.0512820512821
62,96,0.0512820512821
62,127,0.128205128205
62,130,0.0769230769231
62,131,0.153846153846
62,147,0.179487179487
62,161,0.0512820512821
62,274,0.153846153846
62,283,0.025641025641
63,4,0.044776119403
63,5,0.0298507462687
63,29,0.0149253731343
63,32,0.10447761194
63,40,0.044776119403
63,92,0.0149253731343
63,96,0.0298507462687
63,97,0.0149253731343
63,127,0.0746268656716
63,130,0.044776119403
63,131,0.089552238806
63,147,0.10447761194
63,161,0.0298507462687
63,175,0.0746268656716
63,238,0.044776119403
63,274,0.089552238806
63,283,0.0149253731343
63,285,0.0298507462687
63,286,0.10447761194
64,4,0.044776119403
64,5,0.0298507462687
64,29,0.0149253731343
64,32,0.10447761194
64,40,0.044776119403
64,92,0.0149253731343
64,96,0.0298507462687
64,97,0.0149253731343
64,127,0.0746268656716
64,130,0.044776119403
64,131,0.089552238806
64,147,0.10447761194
64,161,0.0298507462687
64,175,0.0746268656716
64,238,0.044776119403
64,274,0.089552238806
64,283,0.0149253731343
64,285,0.0298507462687
64,286,0.10447761194
65,4,0.044776119403
65,5,0.0298507462687
65,29,0.0149253731343
65,32,0.10447761194
65,40,0.044776119403
65,92,0.0149253731343
65,96,0.0298507462687
65,97,0.0149253731343
65,127,0.0746268656716
65,130,0.044776119403
65,131,0.089552238806
65,147,0.10447761194
65,161,0.0298507462687
65,175,0.0746268656716
65,238,0.044776119403
65,274,0.089552238806
65,283,0.0149253731343
65,285,0.0298507462687
65,286,0.10447761194
66,4,0.044776119403
66,5,0.0298507462687
66,29,0.0149253731343
66,32,0.10447761194
66,40,0.044776119403
66,92,0.0149253731343
66,96,0.0298507462687
66,97,0.0149253731343
66,127,0.0746268656716
66,130,0.044776119403
66,131,0.089552238806
66,147,0.10447761194
66,161,0.0298507462687
66,175,0.0746268656716
66,238,0.044776119403
66,274,0.089552238806
66,283,0.0149253731343
66,285,0.0298507462687
66,286,0.10447761194
67,4,0.044776119403
67,5,0.0298507462687
67,29,0.0149253731343
67,32,0.10447761194
67,40,0.044776119403
67,92,0.0149253731343
67,96,0.0298507462687
67,97,0.0149253731343
67,127,0.0746268656716
67,130,0.044776119403
67,131,0.089552238806
67,147,0.10447761194
67,161,0.0298507462687
67,175,0.0746268656716
67,238,0.044776119403
67,274,0.089552238806
67,283,0.0149253731343
67,285,0.0298507462687
67,286,0.10447761194
68,4,0.044776119403
68,5,0.0298507462687
68,29,0.0149253731343
68,32,0.10447761194
68,40,0.044776119403
68,92,0.0149253731343
68,96,0.0298507462687
68,97,0.0149253731343
68,127,0.0746268656716
68,130,0.044776119403
68,131,0.089552238806
68,147,0.10447761194
68,161,0.0298507462687
68,175,0.0746268656716
68,238,0.044776119403
68,274,0.089552238806
68,283,0.0149253731343
68,285,0.0298507462687
68,286,0.10447761194
69,4,0.044776119403
69,5,0.0298507462687
69,29,0.0149253731343
69,32,0.10447761194
69,40,0.044776119403
69,92,0.0149253731343
69,96,0.0298507462687
69,97,0.0149253731343
69,127,0.0746268656716
69,130,0.044776119403
69,131,0.089552238806
69,147,0.10447761194
69,161,0.0298507462687
69,175,0.0746268656716
69,238,0.044776119403
69,274,0.089552238806
69,283,0.0149253731343
69,285,0.0298507462687
69,286,0.10447761194
70,4,0.044776119403
70,5,0.0298507462687
70,29,0.0149253731343
70,32,0.10447761194
70,40,0.044776119403
70,92,0.0149253731343
70,96,0.0298507462687
70,97,0.0149253731343
70,127,0.0746268656716
70,130,0.044776119403
70,131,0.089552238806
70,147,0.10447761194
70,161,0.0298507462687
70,175,0.0746268656716
70,238,0.044776119403
70,274,0.089552238806
70,283,0.0149253731343
70,285,0.0298507462687
70,286,0.10447761194
71,4,0.0483870967742
71,5,0.0322580645161
71,23,0.0483870967742
71,32,0.112903225806
71,54,0.0483870967742
71,73,0.0806451612903
71,84,0.0161290322581
71,96,0.0322580645161
71,127,0.0806451612903
71,130,0.0483870967742
71,131,0.0967741935484
71,147,0.112903225806
71,161,0.0322580645161
71,276,0.0161290322581
71,283,0.0161290322581
71,286,0.112903225806
71,310,0.0645161290323
72,4,0.0483870967742
72,5,0.0322580645161
72,23,0.0483870967742
72,32,0.112903225806
72,54,0.0483870967742
72,73,0.0806451612903
72,84,0.0161290322581
72,96,0.0322580645161
72,127,0.0806451612903
72,130,0.0483870967742
72,131,0.0967741935484
72,147,0.112903225806
72,161,0.0322580645161
72,276,0.0161290322581
72,283,0.0161290322581
72,286,0.112903225806
72,310,0.0645161290323
73,5,0.0606060606061
73,96,0.0606060606061
73,127,0.151515151515
73,130,0.0909090909091
73,131,0.181818181818
73,147,0.212121212121
73,161,0.0606060606061
73,283,0.030303030303
74,5,0.4
74,96,0.4
74,283,0.2
75,5,0.4
75,96,0.4
75,283,0.2
76,5,0.0588235294118
76,96,0.0588235294118
76,127,0.147058823529
76,130,0.0882352941176
76,131,0.176470588235
76,147,0.205882352941
76,161,0.0588235294118
76,283,0.0294117647059
76,287,0.0588235294118
77,4,0.0483870967742
77,5,0.0322580645161
77,23,0.0483870967742
77,32,0.112903225806
77,54,0.0483870967742
77,73,0.0806451612903
77,84,0.0161290322581
77,96,0.0322580645161
77,127,0.0806451612903
77,130,0.0483870967742
77,131,0.0967741935484
77,147,0.112903225806
77,161,0.0322580645161
77,276,0.0161290322581
77,283,0.0161290322581
77,286,0.112903225806
77,310,0.0645161290323
78,4,0.0483870967742
78,5,0.0322580645161
78,23,0.0483870967742
78,32,0.112903225806
78,54,0.0483870967742
78,73,0.0806451612903
78,84,0.0161290322581
78,96,0.0322580645161
78,127,0.0806451612903
78,130,0.0483870967742
78,131,0.0967741935484
78,147,0.112903225806
78,161,0.0322580645161
78,276,0.0161290322581
78,283,0.0161290322581
78,286,0.112903225806
78,310,0.0645161290323
79,4,0.0483870967742
79,5,0.0322580645161
79,23,0.0483870967742
79,32,0.112903225806
79,54,0.0483870967742
79,73,0.0806451612903
79,84,0.0161290322581
79,96,0.0322580645161
79,127,0.0806451612903
79,130,0.0483870967742
79,131,0.0967741935484
79,147,0.112903225806
79,161,0.0322580645161
79,276,0.0161290322581
79,283,0.0161290322581
79,286,0.112903225806
79,310,0.0645161290323
80,4,0.0483870967742
80,5,0.0322580645161
80,23,0.0483870967742
80,32,0.112903225806
80,54,0.0483870967742
80,73,0.0806451612903
80,84,0.0161290322581
80,96,0.0322580645161
80,127,0.0806451612903
80,130,0.0483870967742
80,131,0.0967741935484
80,147,0.112903225806
80,161,0.0322580645161
80,276,0.0161290322581
80,283,0.0161290322581
80,286,0.112903225806
80,310,0.0645161290323
81,4,0.0483870967742
81,5,0.0322580645161
81,23,0.0483870967742
81,32,0.112903225806
81,54,0.0483870967742
81,73,0.0806451612903
81,84,0.0161290322581
81,96,0.0322580645161
81,127,0.0806451612903
81,130,0.0483870967742
81,131,0.0967741935484
81,147,0.112903225806
81,161,0.0322580645161
81,276,0.0161290322581
81,283,0.0161290322581
81,286,0.112903225806
81,310,0.0645161290323
82,4,0.0483870967742
82,5,0.0322580645161
82,23,0.0483870967742
82,32,0.112903225806
82,54,0.0483870967742
82,73,0.0806451612903
82,84,0.0161290322581
82,96,0.0322580645161
82,127,0.0806451612903
82,130,0.0483870967742
82,131,0.0967741935484
82,147,0.112903225806
82,161,0.0322580645161
82,276,0.0161290322581
82,283,0.0161290322581
82,286,0.112903225806
82,310,0.0645161290323
83,4,0.0483870967742
83,5,0.0322580645161
83,23,0.0483870967742
83,32,0.112903225806
83,54,0.0483870967742
83,73,0.0806451612903
83,84,0.0161290322581
83,96,0.0322580645161
83,127,0.0806451612903
83,130,0.0483870967742
83,131,0.0967741935484
83,147,0.112903225806
83,161,0.0322580645161
83,276,0.0161290322581
83,283,0.0161290322581
83,286,0.112903225806
83,310,0.0645161290323
84,5,0.0666666666667
84,96,0.0666666666667
84,127,0.166666666667
84,130,0.1
84,131,0.2
84,147,0.233333333333
84,161,0.0666666666667
84,276,0.0333333333333
84,283,0.0333333333333
85,5,0.0606060606061
85,96,0.0606060606061
85,127,0.151515151515
85,130,0.0909090909091
85,131,0.181818181818
85,147,0.212121212121
85,161,0.0606060606061
85,276,0.030303030303
85,283,0.030303030303
86,5,0.0625
86,96,0.0625
86,127,0.15625
86,130,0.09375
86,131,0.1875
86,147,0.21875
86,161,0.0625
86,283,0.03125
86,285,0.0625
87,5,0.0625
87,96,0.0625
87,127,0.15625
87,130,0.09375
87,131,0.1875
87,147,0.21875
87,161,0.0625
87,283,0.03125
87,285,0.0625
88,5,0.0645161290323
88,96,0.0645161290323
88,127,0.161290322581
88,130,0.0967741935484
88,131,0.193548387097
88,147,0.225806451613
88,161,0.0645161290323
88,276,0.0322580645161
88,283,0.0322580645161
89,5,0.0666666666667
89,96,0.0666666666667
89,127,0.166666666667
89,130,0.1
89,131,0.2
89,147,0.233333333333
89,161,0.0666666666667
89,276,0.0333333333333
89,283,0.0333333333333
90,5,0.0540540540541
90,96,0.0540540540541
90,127,0.135135135135
90,130,0.0810810810811
90,131,0.162162162162
90,147,0.189189189189
90,161,0.0540540540541
90,240,0.108108108108
90,283,0.027027027027
91,5,0.0588235294118
91,96,0.0588235294118
91,127,0.147058823529
91,130,0.0882352941176
91,131,0.176470588235
91,147,0.205882352941
91,161,0.0588235294118
91,240,0.117647058824
91,283,0.0294117647059
92,5,0.0645161290323
92,96,0.0645161290323
92,127,0.161290322581
92,130,0.0967741935484
92,131,0.193548387097
92,147,0.225806451613
92,161,0.0645161290323
92,283,0.0322580645161
92,285,0.0645161290323
93,5,0.0606060606061
93,96,0.0606060606061
93,127,0.151515151515
93,130,0.0909090909091
93,131,0.181818181818
93,147,0.212121212121
93,161,0.0606060606061
93,283,0.030303030303
93,285,0.0606060606061
94,5,0.0540540540541
94,96,0.0540540540541
94,127,0.135135135135
94,130,0.0810810810811
94,131,0.162162162162
94,147,0.189189189189
94,161,0.0540540540541
94,274,0.162162162162
94,283,0.027027027027
95,5,0.0540540540541
95,73,0.135135135135
95,96,0.0540540540541
95,127,0.135135135135
95,130,0.0810810810811
95,131,0.162162162162
95,147,0.189189189189
95,161,0.0540540540541
95,283,0.027027027027
97,5,0.0625
97,40,0.09375
97,96,0.0625
97,127,0.15625
97,130,0.09375
97,131,0.1875
97,147,0.21875
97,161,0.0625
97,283,0.03125
98,4,0.0441176470588
98,5,0.0294117647059
98,32,0.102941176471
98,38,0.0147058823529
98,96,0.0294117647059
98,115,0.0441176470588
98,127,0.0735294117647
98,130,0.0441176470588
98,131,0.0882352941176
98,142,0.0147058823529
98,147,0.102941176471
98,150,0.0882352941176
98,161,0.0294117647059
98,234,0.0294117647059
98,240,0.0588235294118
98,244,0.0735294117647
98,276,0.0147058823529
98,283,0.0147058823529
98,286,0.102941176471
99,5,0.0588235294118
99,40,0.0882352941176
99,96,0.0588235294118
99,127,0.147058823529
99,130,0.0882352941176
99,131,0.176470588235
99,147,0.205882352941
99,161,0.0588235294118
99,283,0.0294117647059
100,5,0.0588235294118
100,40,0.0882352941176
100,96,0.0588235294118
100,127,0.147058823529
100,130,0.0882352941176
100,131,0.176470588235
100,147,0.205882352941
100,161,0.0588235294118
100,283,0.0294117647059
101,5,0.0540540540541
101,73,0.135135135135
101,96,0.0540540540541
101,127,0.135135135135
101,130,0.0810810810811
101,131,0.162162162162
101,147,0.189189189189
101,161,0.0540540540541
101,283,0.027027027027
102,5,0.0540540540541
102,73,0.135135135135
102,96,0.0540540540541
102,127,0.135135135135
102,130,0.0810810810811
102,131,0.162162162162
102,147,0.189189189189
102,161,0.0540540540541
102,283,0.027027027027
103,5,0.0606060606061
103,96,0.0606060606061
103,115,0.0909090909091
103,127,0.151515151515
103,130,0.0909090909091
103,131,0.181818181818
103,147,0.212121212121
103,161,0.0606060606061
103,283,0.030303030303
104,4,0.0454545454545
104,5,0.030303030303
104,17,0.0454545454545
104,32,0.106060606061
104,96,0.030303030303
104,115,0.0454545454545
104,127,0.0757575757576
104,130,0.0454545454545
104,131,0.0909090909091
104,137,0.030303030303
104,143,0.0151515151515
104,147,0.106060606061
104,150,0.0909090909091
104,161,0.030303030303
104,174,0.0151515151515
104,240,0.0606060606061
104,276,0.0151515151515
104,283,0.0151515151515
104,286,0.106060606061
105,5,0.0625
105,40,0.09375
105,96,0.0625
105,127,0.15625
105,130,0.09375
105,131,0.1875
105,147,0.21875
105,161,0.0625
105,283,0.03125
106,4,0.0461538461538
106,5,0.0307692307692
106,32,0.107692307692
106,40,0.0461538461538
106,93,0.0461538461538
106,96,0.0307692307692
106,105,0.0153846153846
106,127,0.0769230769231
106,130,0.0461538461538
106,131,0.0923076923077
106,147,0.107692307692
106,161,0.0307692307692
106,176,0.0153846153846
106,238,0.0461538461538
106,274,0.0923076923077
106,283,0.0153846153846
106,285,0.0307692307692
106,286,0.107692307692
106,317,0.0153846153846
107,4,0.0461538461538
107,5,0.0307692307692
107,32,0.107692307692
107,40,0.0461538461538
107,93,0.0461538461538
107,96,0.0307692307692
107,105,0.0153846153846
107,127,0.0769230769231
107,130,0.0461538461538
107,131,0.0923076923077
107,147,0.107692307692
107,161,0.0307692307692
107,176,0.0153846153846
107,238,0.0461538461538
107,274,0.0923076923077
107,283,0.0153846153846
107,285,0.0307692307692
107,286,0.107692307692
107,317,0.0153846153846
108,4,0.0461538461538
108,5,0.0307692307692
108,32,0.107692307692
108,40,0.0461538461538
108,93,0.0461538461538
108,96,0.0307692307692
108,105,0.0153846153846
108,127,0.0769230769231
108,130,0.0461538461538
108,131,0.0923076923077
108,147,0.107692307692
108,161,0.0307692307692
108,176,0.0153846153846
108,238,0.0461538461538
108,274,0.0923076923077
108,283,0.0153846153846
108,285,0.0307692307692
108,286,0.107692307692
108,317,0.0153846153846
109,4,0.0461538461538
109,5,0.0307692307692
109,32,0.107692307692
109,40,0.0461538461538
109,93,0.0461538461538
109,96,0.0307692307692
109,105,0.0153846153846
109,127,0.0769230769231
109,130,0.0461538461538
109,131,0.0923076923077
109,147,0.107692307692
109,161,0.0307692307692
109,176,0.0153846153846
109,238,0.0461538461538
109,274,0.0923076923077
109,283,0.0153846153846
109,285,0.0307692307692
109,286,0.107692307692
109,317,0.0153846153846
110,4,0.0461538461538
110,5,0.0307692307692
110,32,0.107692307692
110,40,0.0461538461538
110,93,0.0461538461538
110,96,0.0307692307692
110,105,0.0153846153846
110,127,0.0769230769231
110,130,0.0461538461538
110,131,0.0923076923077
110,147,0.107692307692
110,161,0.0307692307692
110,176,0.0153846153846
110,238,0.0461538461538
110,274,0.0923076923077
110,283,0.0153846153846
110,285,0.0307692307692
110,286,0.107692307692
110,317,0.0153846153846
111,4,0.0461538461538
111,5,0.0307692307692
111,32,0.107692307692
111,40,0.0461538461538
111,93,0.0461538461538
111,96,0.0307692307692
111,105,0.0153846153846
111,127,0.0769230769231
111,130,0.0461538461538
111,131,0.0923076923077
111,147,0.107692307692
111,161,0.0307692307692
111,176,0.0153846153846
111,238,0.0461538461538
111,274,0.0923076923077
111,283,0.0153846153846
111,285,0.0307692307692
111,286,0.107692307692
111,317,0.0153846153846
112,4,0.0461538461538
112,5,0.0307692307692
112,32,0.107692307692
112,40,0.0461538461538
112,93,0.0461538461538
112,96,0.0307692307692
112,105,0.0153846153846
112,127,0.0769230769231
112,130,0.0461538461538
112,131,0.0923076923077
112,147,0.107692307692
112,161,0.0307692307692
112,176,0.0153846153846
112,238,0.0461538461538
112,274,0.0923076923077
112,283,0.0153846153846
112,285,0.0307692307692
112,286,0.107692307692
112,317,0.0153846153846
113,4,0.0461538461538
113,5,0.0307692307692
113,32,0.107692307692
113,40,0.0461538461538
113,93,0.0461538461538
113,96,0.0307692307692
113,105,0.0153846153846
113,127,0.0769230769231
113,130,0.0461538461538
113,131,0.0923076923077
113,147,0.107692307692
113,161,0.0307692307692
113,176,0.0153846153846
113,238,0.0461538461538
113,274,0.0923076923077
113,283,0.0153846153846
113,285,0.0307692307692
113,286,0.107692307692
113,317,0.0153846153846
114,4,0.0461538461538
114,5,0.0307692307692
114,32,0.107692307692
114,40,0.0461538461538
114,93,0.0461538461538
114,96,0.0307692307692
114,105,0.0153846153846
114,127,0.0769230769231
114,130,0.0461538461538
114,131,0.0923076923077
114,147,0.107692307692
114,161,0.0307692307692
114,176,0.0153846153846
114,238,0.0461538461538
114,274,0.0923076923077
114,283,0.0153846153846
114,285,0.0307692307692
114,286,0.107692307692
114,317,0.0153846153846
115,5,0.0645161290323
115,96,0.0645161290323
115,127,0.161290322581
115,130,0.0967741935484
115,131,0.193548387097
115,147,0.225806451613
115,161,0.0645161290323
115,283,0.0322580645161
116,127,0.3125
116,130,0.1875
116,131,0.375
116,161,0.125
117,4,0.047619047619
117,5,0.031746031746
117,22,0.031746031746
117,32,0.111111111111
117,51,0.031746031746
117,73,0.0793650793651
117,85,0.0634920634921
117,95,0.0634920634921
117,96,0.031746031746
117,127,0.0793650793651
117,130,0.047619047619
117,131,0.0952380952381
117,147,0.111111111111
117,161,0.031746031746
117,276,0.015873015873
117,283,0.015873015873
117,286,0.111111111111
118,4,0.047619047619
118,5,0.031746031746
118,22,0.031746031746
118,32,0.111111111111
118,51,0.031746031746
118,73,0.0793650793651
118,85,0.0634920634921
118,95,0.0634920634921
118,96,0.031746031746
118,127,0.0793650793651
118,130,0.047619047619
118,131,0.0952380952381
118,147,0.111111111111
118,161,0.031746031746
118,276,0.015873015873
118,283,0.015873015873
118,286,0.111111111111
119,4,0.047619047619
119,5,0.031746031746
119,22,0.031746031746
119,32,0.111111111111
119,51,0.031746031746
119,73,0.0793650793651
119,85,0.0634920634921
119,95,0.0634920634921
119,96,0.031746031746
119,127,0.0793650793651
119,130,0.047619047619
119,131,0.0952380952381
119,147,0.111111111111
119,161,0.031746031746
119,276,0.015873015873
119,283,0.015873015873
119,286,0.111111111111
120,4,0.047619047619
120,5,0.031746031746
120,22,0.031746031746
120,32,0.111111111111
120,51,0.031746031746
120,73,0.0793650793651
120,85,0.0634920634921
120,95,0.0634920634921
120,96,0.031746031746
120,127,0.0793650793651
120,130,0.047619047619
120,131,0.0952380952381
120,147,0.111111111111
120,161,0.031746031746
120,276,0.015873015873
120,283,0.015873015873
120,286,0.111111111111
121,4,0.047619047619
121,5,0.031746031746
121,22,0.031746031746
121,32,0.111111111111
121,51,0.031746031746
121,73,0.0793650793651
121,85,0.0634920634921
121,95,0.0634920634921
121,96,0.031746031746
121,127,0.0793650793651
121,130,0.047619047619
121,131,0.0952380952381
121,147,0.111111111111
121,161,0.031746031746
121,276,0.015873015873
121,283,0.015873015873
121,286,0.111111111111
122,4,0.047619047619
122,5,0.031746031746
122,22,0.031746031746
122,32,0.111111111111
122,51,0.031746031746
122,73,0.0793650793651
122,85,0.0634920634921
122,95,0.0634920634921
122,96,0.031746031746
122,127,0.0793650793651
122,130,0.047619047619
122,131,0.0952380952381
122,147,0.111111111111
122,161,0.031746031746
122,276,0.015873015873
122,283,0.015873015873
122,286,0.111111111111
123,4,0.047619047619
123,5,0.031746031746
123,22,0.031746031746
123,32,0.111111111111
123,51,0.031746031746
123,73,0.0793650793651
123,85,0.0634920634921
123,95,0.0634920634921
123,96,0.031746031746
123,127,0.0793650793651
123,130,0.047619047619
123,131,0.0952380952381
123,147,0.111111111111
123,161,0.031746031746
123,276,0.015873015873
123,283,0.015873015873
123,286,0.111111111111
124,4,0.047619047619
124,5,0.031746031746
124,22,0.031746031746
124,32,0.111111111111
124,51,0.031746031746
124,73,0.0793650793651
124,85,0.0634920634921
124,95,0.0634920634921
124,96,0.031746031746
124,127,0.0793650793651
124,130,0.047619047619
124,131,0.0952380952381
124,147,0.111111111111
124,161,0.031746031746
124,276,0.015873015873
124,283,0.015873015873
124,286,0.111111111111
125,4,0.047619047619
125,5,0.031746031746
125,22,0.031746031746
125,32,0.111111111111
125,51,0.031746031746
125,73,0.0793650793651
125,85,0.0634920634921
125,95,0.0634920634921
125,96,0.031746031746
125,127,0.0793650793651
125,130,0.047619047619
125,131,0.0952380952381
125,147,0.111111111111
125,161,0.031746031746
125,276,0.015873015873
125,283,0.015873015873
125,286,0.111111111111
126,4,0.047619047619
126,5,0.031746031746
126,22,0.031746031746
126,32,0.111111111111
126,51,0.031746031746
126,73,0.0793650793651
126,85,0.0634920634921
126,95,0.0634920634921
126,96,0.031746031746
126,127,0.0793650793651
126,130,0.047619047619
126,131,0.0952380952381
126,147,0.111111111111
126,161,0.031746031746
126,276,0.015873015873
126,283,0.015873015873
126,286,0.111111111111
128,127,0.3125
128,130,0.1875
128,131,0.375
128,161,0.125
129,4,0.0434782608696
129,5,0.0289855072464
129,32,0.101449275362
129,96,0.0289855072464
129,127,0.0724637681159
129,130,0.0434782608696
129,131,0.0869565217391
129,147,0.101449275362
129,161,0.0289855072464
129,245,0.0289855072464
129,250,0.0579710144928
129,274,0.0869565217391
129,283,0.0144927536232
129,285,0.0289855072464
129,286,0.101449275362
129,295,0.0144927536232
129,297,0.0579710144928
129,312,0.0289855072464
129,316,0.0434782608696
132,4,0.0434782608696
132,5,0.0289855072464
132,32,0.101449275362
132,96,0.0289855072464
132,127,0.0724637681159
132,130,0.0434782608696
132,131,0.0869565217391
132,147,0.101449275362
132,161,0.0289855072464
132,245,0.0289855072464
132,250,0.0579710144928
132,274,0.0869565217391
132,283,0.0144927536232
132,285,0.0289855072464
132,286,0.101449275362
132,295,0.0144927536232
132,297,0.0579710144928
132,312,0.0289855072464
132,316,0.0434782608696
133,4,0.0434782608696
133,5,0.0289855072464
133,32,0.101449275362
133,96,0.0289855072464
133,127,0.0724637681159
133,130,0.0434782608696
133,131,0.0869565217391
133,147,0.101449275362
133,161,0.0289855072464
133,245,0.0289855072464
133,250,0.0579710144928
133,274,0.0869565217391
133,283,0.0144927536232
133,285,0.0289855072464
133,286,0.101449275362
133,295,0.0144927536232
133,297,0.0579710144928
133,312,0.0289855072464
133,316,0.0434782608696
134,4,0.0434782608696
134,5,0.0289855072464
134,32,0.101449275362
134,96,0.0289855072464
134,127,0.0724637681159
134,130,0.0434782608696
134,131,0.0869565217391
134,147,0.101449275362
134,161,0.0289855072464
134,245,0.0289855072464
134,250,0.0579710144928
134,274,0.0869565217391
134,283,0.0144927536232
134,285,0.0289855072464
134,286,0.101449275362
134,295,0.0144927536232
134,297,0.0579710144928
134,312,0.0289855072464
134,316,0.0434782608696
135,127,0.3125
135,130,0.1875
135,131,0.375
135,161,0.125
136,4,0.0434782608696
136,5,0.0289855072464
136,32,0.101449275362
136,96,0.0289855072464
136,127,0.0724637681159
136,130,0.0434782608696
136,131,0.0869565217391
136,147,0.101449275362
136,161,0.0289855072464
136,245,0.0289855072464
136,250,0.0579710144928
136,274,0.0869565217391
136,283,0.0144927536232
136,285,0.0289855072464
136,286,0.101449275362
136,295,0.0144927536232
136,297,0.0579710144928
136,312,0.0289855072464
136,316,0.0434782608696
137,5,0.0606060606061
137,96,0.0606060606061
137,115,0.0909090909091
137,127,0.151515151515
137,130,0.0909090909091
137,131,0.181818181818
137,147,0.212121212121
137,161,0.0606060606061
137,283,0.030303030303
138,4,0.0434782608696
138,5,0.0289855072464
138,32,0.101449275362
138,96,0.0289855072464
138,127,0.0724637681159
138,130,0.0434782608696
138,131,0.0869565217391
138,147,0.101449275362
138,161,0.0289855072464
138,245,0.0289855072464
138,250,0.0579710144928
138,274,0.0869565217391
138,283,0.0144927536232
138,285,0.0289855072464
138,286,0.101449275362
138,295,0.0144927536232
138,297,0.0579710144928
138,312,0.0289855072464
138,316,0.0434782608696
139,4,0.0434782608696
139,5,0.0289855072464
139,32,0.101449275362
139,96,0.0289855072464
139,127,0.0724637681159
139,130,0.0434782608696
139,131,0.0869565217391
139,147,0.101449275362
139,161,0.0289855072464
139,245,0.0289855072464
139,250,0.0579710144928
139,274,0.0869565217391
139,283,0.0144927536232
139,285,0.0289855072464
139,286,0.101449275362
139,295,0.0144927536232
139,297,0.0579710144928
139,312,0.0289855072464
139,316,0.0434782608696
140,4,0.176470588235
140,32,0.411764705882
140,286,0.411764705882
141,4,0.142857142857
141,32,0.333333333333
141,286,0.333333333333
142,5,0.0606060606061
142,96,0.0606060606061
142,127,0.151515151515
142,130,0.0909090909091
142,131,0.181818181818
142,147,0.212121212121
142,161,0.0606060606061
142,240,0.121212121212
142,283,0.030303030303
143,5,0.0606060606061
143,96,0.0606060606061
143,127,0.151515151515
143,130,0.0909090909091
143,131,0.181818181818
143,147,0.212121212121
143,161,0.0606060606061
143,240,0.121212121212
143,283,0.030303030303
144,5,0.0625
144,96,0.0625
144,127,0.15625
144,130,0.09375
144,131,0.1875
144,147,0.21875
144,161,0.0625
144,277,0.0625
144,283,0.03125
145,4,0.157894736842
145,32,0.368421052632
145,286,0.368421052632
146,4,0.0441176470588
146,5,0.0294117647059
146,32,0.102941176471
146,38,0.0147058823529
146,96,0.0294117647059
146,115,0.0441176470588
146,127,0.0735294117647
146,130,0.0441176470588
146,131,0.0882352941176
146,142,0.0147058823529
146,147,0.102941176471
146,150,0.0882352941176
146,161,0.0294117647059
146,234,0.0294117647059
146,240,0.0588235294118
146,244,0.0735294117647
146,276,0.0147058823529
146,283,0.0147058823529
146,286,0.102941176471
147,5,0.0714285714286
147,96,0.0714285714286
147,127,0.178571428571
147,130,0.107142857143
147,131,0.214285714286
147,161,0.0714285714286
147,283,0.0357142857143
148,4,0.142857142857
148,32,0.333333333333
148,286,0.333333333333
149,4,0.166666666667
149,32,0.388888888889
149,286,0.388888888889
150,4,0.130434782609
150,32,0.304347826087
150,286,0.304347826087
151,5,0.0645161290323
151,96,0.0645161290323
151,127,0.161290322581
151,130,0.0967741935484
151,131,0.193548387097
151,147,0.225806451613
151,161,0.0645161290323
151,245,0.0645161290323
151,283,0.0322580645161
152,5,0.0645161290323
152,96,0.0645161290323
152,127,0.161290322581
152,130,0.0967741935484
152,131,0.193548387097
152,147,0.225806451613
152,161,0.0645161290323
152,245,0.0645161290323
152,283,0.0322580645161
153,4,0.0416666666667
153,5,0.0277777777778
153,32,0.0972222222222
153,90,0.0694444444444
153,96,0.0277777777778
153,115,0.0416666666667
153,127,0.0694444444444
153,130,0.0416666666667
153,131,0.0833333333333
153,147,0.0972222222222
153,149,0.0138888888889
153,161,0.0277777777778
153,177,0.0694444444444
153,240,0.0555555555556
153,249,0.0694444444444
153,251,0.0277777777778
153,277,0.0277777777778
153,283,0.0138888888889
153,286,0.0972222222222
154,4,0.0416666666667
154,5,0.0277777777778
154,32,0.0972222222222
154,90,0.0694444444444
154,96,0.0277777777778
154,115,0.0416666666667
154,127,0.0694444444444
154,130,0.0416666666667
154,131,0.0833333333333
154,147,0.0972222222222
154,149,0.0138888888889
154,161,0.0277777777778
154,177,0.0694444444444
154,240,0.0555555555556
154,249,0.0694444444444
154,251,0.0277777777778
154,277,0.0277777777778
154,283,0.0138888888889
154,286,0.0972222222222
155,4,0.0416666666667
155,5,0.0277777777778
155,32,0.0972222222222
155,90,0.0694444444444
155,96,0.0277777777778
155,115,0.0416666666667
155,127,0.0694444444444
155,130,0.0416666666667
155,131,0.0833333333333
155,147,0.0972222222222
155,149,0.0138888888889
155,161,0.0277777777778
155,177,0.0694444444444
155,240,0.0555555555556
155,249,0.0694444444444
155,251,0.0277777777778
155,277,0.0277777777778
155,283,0.0138888888889
155,286,0.0972222222222
156,4,0.0416666666667
156,5,0.0277777777778
156,32,0.0972222222222
156,90,0.0694444444444
156,96,0.0277777777778
156,115,0.0416666666667
156,127,0.0694444444444
156,130,0.0416666666667
156,131,0.0833333333333
156,147,0.0972222222222
156,149,0.0138888888889
156,161,0.0277777777778
156,177,0.0694444444444
156,240,0.0555555555556
156,249,0.0694444444444
156,251,0.0277777777778
156,277,0.0277777777778
156,283,0.0138888888889
156,286,0.0972222222222
157,4,0.0416666666667
157,5,0.0277777777778
157,32,0.0972222222222
157,90,0.0694444444444
157,96,0.0277777777778
157,115,0.0416666666667
157,127,0.0694444444444
157,130,0.0416666666667
157,131,0.0833333333333
157,147,0.0972222222222
157,149,0.0138888888889
157,161,0.0277777777778
157,177,0.0694444444444
157,240,0.0555555555556
157,249,0.0694444444444
157,251,0.0277777777778
157,277,0.0277777777778
157,283,0.0138888888889
157,286,0.0972222222222
158,4,0.0416666666667
158,5,0.0277777777778
158,32,0.0972222222222
158,90,0.0694444444444
158,96,0.0277777777778
158,115,0.0416666666667
158,127,0.0694444444444
158,130,0.0416666666667
158,131,0.0833333333333
158,147,0.0972222222222
158,149,0.0138888888889
158,161,0.0277777777778
158,177,0.0694444444444
158,240,0.0555555555556
158,249,0.0694444444444
158,251,0.0277777777778
158,277,0.0277777777778
158,283,0.0138888888889
158,286,0.0972222222222
159,4,0.0416666666667
159,5,0.0277777777778
159,32,0.0972222222222
159,90,0.0694444444444
159,96,0.0277777777778
159,115,0.0416666666667
159,127,0.0694444444444
159,130,0.0416666666667
159,131,0.0833333333333
159,147,0.0972222222222
159,149,0.0138888888889
159,161,0.0277777777778
159,177,0.0694444444444
159,240,0.0555555555556
159,249,0.0694444444444
159,251,0.0277777777778
159,277,0.0277777777778
159,283,0.0138888888889
159,286,0.0972222222222
160,4,0.0416666666667
160,5,0.0277777777778
160,32,0.0972222222222
160,90,0.0694444444444
160,96,0.0277777777778
160,115,0.0416666666667
160,127,0.0694444444444
160,130,0.0416666666667
160,131,0.0833333333333
160,147,0.0972222222222
160,149,0.0138888888889
160,161,0.0277777777778
160,177,0.0694444444444
160,240,0.0555555555556
160,249,0.0694444444444
160,251,0.0277777777778
160,277,0.0277777777778
160,283,0.0138888888889
160,286,0.0972222222222
162,4,0.0416666666667
162,5,0.0277777777778
162,32,0.0972222222222
162,90,0.0694444444444
162,96,0.0277777777778
162,115,0.0416666666667
162,127,0.0694444444444
162,130,0.0416666666667
162,131,0.0833333333333
162,147,0.0972222222222
162,149,0.0138888888889
162,161,0.0277777777778
162,177,0.0694444444444
162,240,0.0555555555556
162,249,0.0694444444444
162,251,0.0277777777778
162,277,0.0277777777778
162,283,0.0138888888889
162,286,0.0972222222222
163,4,0.0416666666667
163,5,0.0277777777778
163,32,0.0972222222222
163,90,0.0694444444444
163,96,0.0277777777778
163,115,0.0416666666667
163,127,0.0694444444444
163,130,0.0416666666667
163,131,0.0833333333333
163,147,0.0972222222222
163,149,0.0138888888889
163,161,0.0277777777778
163,177,0.0694444444444
163,240,0.0555555555556
163,249,0.0694444444444
163,251,0.0277777777778
163,277,0.0277777777778
163,283,0.0138888888889
163,286,0.0972222222222
164,4,0.0434782608696
164,5,0.0289855072464
164,32,0.101449275362
164,40,0.0434782608696
164,73,0.0724637681159
164,88,0.0289855072464
164,96,0.0289855072464
164,102,0.0579710144928
164,127,0.0724637681159
164,130,0.0434782608696
164,131,0.0869565217391
164,141,0.0579710144928
164,147,0.101449275362
164,161,0.0289855072464
164,179,0.0144927536232
164,276,0.0144927536232
164,282,0.0579710144928
164,283,0.0144927536232
164,286,0.101449275362
165,4,0.0434782608696
165,5,0.0289855072464
165,32,0.101449275362
165,40,0.0434782608696
165,73,0.0724637681159
165,88,0.0289855072464
165,96,0.0289855072464
165,102,0.0579710144928
165,127,0.0724637681159
165,130,0.0434782608696
165,131,0.0869565217391
165,141,0.0579710144928
165,147,0.101449275362
165,161,0.0289855072464
165,179,0.0144927536232
165,276,0.0144927536232
165,282,0.0579710144928
165,283,0.0144927536232
165,286,0.101449275362
166,4,0.0434782608696
166,5,0.0289855072464
166,32,0.101449275362
166,40,0.0434782608696
166,73,0.0724637681159
166,88,0.0289855072464
166,96,0.0289855072464
166,102,0.0579710144928
166,127,0.0724637681159
166,130,0.0434782608696
166,131,0.0869565217391
166,141,0.0579710144928
166,147,0.101449275362
166,161,0.0289855072464
166,179,0.0144927536232
166,276,0.0144927536232
166,282,0.0579710144928
166,283,0.0144927536232
166,286,0.101449275362
167,4,0.0434782608696
167,5,0.0289855072464
167,32,0.101449275362
167,40,0.0434782608696
167,73,0.0724637681159
167,88,0.0289855072464
167,96,0.0289855072464
167,102,0.0579710144928
167,127,0.0724637681159
167,130,0.0434782608696
167,131,0.0869565217391
167,141,0.0579710144928
167,147,0.101449275362
167,161,0.0289855072464
167,179,0.0144927536232
167,276,0.0144927536232
167,282,0.0579710144928
167,283,0.0144927536232
167,286,0.101449275362
168,4,0.0434782608696
168,5,0.0289855072464
168,32,0.101449275362
168,40,0.0434782608696
168,73,0.0724637681159
168,88,0.0289855072464
168,96,0.0289855072464
168,102,0.0579710144928
168,127,0.0724637681159
168,130,0.0434782608696
168,131,0.0869565217391
168,141,0.0579710144928
168,147,0.101449275362
168,161,0.0289855072464
168,179,0.0144927536232
168,276,0.0144927536232
168,282,0.0579710144928
168,283,0.0144927536232
168,286,0.101449275362
169,4,0.0434782608696
169,5,0.0289855072464
169,32,0.101449275362
169,40,0.0434782608696
169,73,0.0724637681159
169,88,0.0289855072464
169,96,0.0289855072464
169,102,0.0579710144928
169,127,0.0724637681159
169,130,0.0434782608696
169,131,0.0869565217391
169,141,0.0579710144928
169,147,0.101449275362
169,161,0.0289855072464
169,179,0.0144927536232
169,276,0.0144927536232
169,282,0.0579710144928
169,283,0.0144927536232
169,286,0.101449275362
170,4,0.0434782608696
170,5,0.0289855072464
170,32,0.101449275362
170,40,0.0434782608696
170,73,0.0724637681159
170,88,0.0289855072464
170,96,0.0289855072464
170,102,0.0579710144928
170,127,0.0724637681159
170,130,0.0434782608696
170,131,0.0869565217391
170,141,0.0579710144928
170,147,0.101449275362
170,161,0.0289855072464
170,179,0.0144927536232
170,276,0.0144927536232
170,282,0.0579710144928
170,283,0.0144927536232
170,286,0.101449275362
171,4,0.0434782608696
171,5,0.0289855072464
171,32,0.101449275362
171,40,0.0434782608696
171,73,0.0724637681159
171,88,0.0289855072464
171,96,0.0289855072464
171,102,0.0579710144928
171,127,0.0724637681159
171,130,0.0434782608696
171,131,0.0869565217391
171,141,0.0579710144928
171,147,0.101449275362
171,161,0.0289855072464
171,179,0.0144927536232
171